cluster	size	longest_contig	n50	number_contigs	completeness	purity	av_cov	av_gc
DBSCAN_round4_36	373525	213554	213554	3	20.1438848921	100.0	198.116010977	59.3074091426
DBSCAN_round5_19	1380787	483882	388820	19	21.5827338129	96.7741935484	21.5563341775	54.3824644931
DBSCAN_round71_2	1531557	574490	444966	10	21.5827338129	96.7741935484	25.8426653399	55.5695282644
DBSCAN_round2_43	2774590	604247	98098	67	66.9064748201	92.0792079208	0.0475944193556	34.9702118151
DBSCAN_round154_0	3050481	764995	460899	19	26.618705036	97.3684210526	97.8004422909	59.7675907504
DBSCAN_round59_0	2215722	225970	46239	60	23.7410071942	89.1891891892	13.9370570857	56.5632331132
unclustered	12438405	416290	79575	583	74.8201438849	47.9262672811	65.0951638896	56.2285518119
DBSCAN_round1_4	5578962	1864501	1138831	27	69.0647482014	98.9690721649	9.18222690889	37.5311393052
DBSCAN_round3_20	3281976	355711	169255	28	30.9352517986	95.5555555556	283.351942549	61.0925247473
DBSCAN_round2_5	6178284	1117207	284172	84	53.2374100719	97.3684210526	132.231574334	61.623842478
DBSCAN_round3_36	1128694	250045	186465	10	30.2158273381	100.0	45.0479731442	60.415400454
